0 299295
1 342364
2 389350
3 458850
4 515319
5 606320
6 684648
7 755790
8 713600
9 653184
10 544887
11 421740
12 319680
13 231336
14 158404
15 104967
16 76960
17 53074
18 41769
19 27540
20 21353
21 19468
22 17331
23 17696
24 18256
25 18232
26 19504
27 22195
28 24898
29 28782
30 35306
31 40734
32 46880
33 52976
34 62646
35 68208
36 76146
37 78016
38 87860
39 93852
40 104748
41 111565
42 125244
43 121764
44 128084
45 133650
46 136192
47 140805
48 142274
49 143680
50 140672
51 136001
52 134540
53 131824
54 128400
55 111544
56 102930
57 95011
58 89598
59 78299
60 72135
61 68052
62 69388
63 72044
64 72360
65 75020
66 79686
67 81666
68 82715
69 83056
70 86632
71 88298
72 93000
73 96924
74 102312
75 107485
76 112464
77 120175
78 129948
79 127842
80 132568
81 134225
82 136052
83 138260
84 134810
85 134946
86 132624
87 129162
88 119600
89 109824
90 101956
91 87696
92 78474
93 68856
94 63869
95 57474
96 52224
97 49232
98 48752
99 49306
100 49132
101 51861
102 54119
103 57040
104 59150
105 64030
106 69188
107 75200
108 84710
109 91342
110 103270
111 117777
112 133500
113 147280
114 164100
115 183300
116 197985
117 210630
118 216750
119 215080
120 211460
121 202224
122 191070
123 158240
124 139426
125 126480
126 116280
127 100191
128 85330
129 86480
130 80640
131 77129
132 75361
133 75375
134 72478
135 72488
136 65513
137 71800
138 79449
139 85969
140 90576
141 97554
142 107892
143 116966
144 130074
145 141547
146 157290
147 170385
148 182970
149 196726
150 204966
151 205095
152 199648
153 197760
154 188276
155 160648
156 146190
157 132720
158 117384
159 107136
160 100541
161 87375
162 86791
163 84976
164 86480
165 86950
166 86676
167 87927
168 82775
169 89869
170 95567
171 103292
172 108932
173 120953
174 132000
175 141432
176 146260
177 152830
178 161336
179 166628
180 173774
181 180276
182 182688
183 174408
184 166141
185 162916
186 157974
187 137470
188 134096
189 127800
190 124362
191 124684
192 122248
193 115710
194 108768
195 104295
196 104805
197 104416
198 107100
199 109557
200 105600
201 115393
202 123225
203 131376
204 136360
205 143424
206 146592
207 152100
208 155245
209 160590
210 165330
211 162190
212 156160
213 157611
214 153280
215 148050
216 144728
217 138292
218 136781
219 121326
220 117972
221 122760
222 127300
223 134960
224 138462
225 145730
226 150894
227 152390
228 145424
229 147490
230 149379
231 150060
232 140390
233 145635
234 150745
235 151800
236 153110
237 157458
238 154524
239 152431
240 149816
241 151900
242 150199
243 154802
244 153264
245 159181
246 156420
247 155330
248 151457
249 149301
250 146952
251 139240
252 140160
253 136989
254 140390
255 148992
256 155556
257 166532
258 173875
259 175099
260 168846
261 168216
262 163710
263 162197
264 146400
265 149072
266 148800
267 147725
268 143925
269 144228
270 144054
271 144960
272 147744
273 151768
274 151776
275 154809
276 159004
277 166278
278 168929
279 171976
280 168156
281 170940
282 173907
283 168025
284 161607
285 166742
286 171513
287 173664
288 174618
289 169708
290 166005
291 161595
292 158445
293 156814
294 150892
295 143840
296 134096
297 135110
298 130566
299 132594
300 132060
301 135177
302 136123
303 142008
304 145870
305 152361
306 159075
307 168707
308 177280
309 189332
310 195138
311 203794
312 208623
313 216530
314 221178
315 216220
316 201140
317 192997
318 187572
319 179224
320 169511
321 159080
322 152928
323 145215
324 136955
325 132750
326 127464
327 127350
328 127293
329 128482
330 127324
331 129360
332 132913
333 139104
334 144918
335 153300
336 160590
337 170976
338 182080
339 196224
340 207088
341 224078
342 236250
343 244584
344 243360
345 240996
346 233044
347 214336
348 196322
349 178959
350 162240
351 149611
352 140128
353 137410
354 130130
355 129272
356 126666
357 127680
358 127788
359 131227
360 133560
361 138225
362 142215
363 151767
364 157872
365 166701
366 175344
367 188679
368 198801
369 213759
370 224903
371 239395
372 243432
373 245604
374 240172
375 232254
376 225435
377 215586
378 193548
379 175287
380 160173
381 153252
382 144290
383 141664
384 139166
385 138736
386 134603
387 136880
388 139200
389 144152
390 146910
391 154432
392 160038
393 167007
394 176088
395 184569
396 193569
397 202878
398 212132
399 215940
400 216838
401 218502
402 217998
403 217500
404 209986
405 209754
406 197250
407 186069
408 171765
409 162097
410 149301
411 146328
412 141968
413 140100
414 137710
415 138116
416 139780
417 142204
418 145530
419 150788
420 156436
421 161568
422 166936
423 175769
424 182975
425 192998
426 200070
427 210276
428 212450
429 220426
430 224802
431 229022
432 228537
433 225816
434 220473
435 211288
436 194928
437 185420
438 170841
439 162360
440 156168
441 150100
442 144570
443 142200
444 142857
445 142299
446 146292
447 153416
448 157040
449 163586
450 167768
451 176692
452 180400
453 187590
454 193572
455 197800
456 201260
457 203350
458 204966
459 206547
460 205495
461 206800
462 198891
463 191301
464 181818
465 179928
466 170159
467 164820
468 158424
469 155502
470 151900
471 152079
472 152028
473 153012
474 150500
475 155956
476 160062
477 164951
478 169246
479 176134
480 181675
481 190512
482 197334
483 205216
484 205424
485 210515
486 212415
487 213081
488 211548
489 210357
490 208318
491 201453
492 190104
493 185496
494 178536
495 175950
496 168656
497 164829
498 158500
499 156187
500 156624
501 159075
502 158826
503 164523
504 166950
505 171303
506 175040
507 182490
508 186916
509 194704
510 199752
511 204160
512 204633
513 207060
514 205632
515 204326
516 201828
517 200910
518 195078
519 187950
520 182350
521 180084
522 173394
523 170859
524 167499
525 165169
526 162855
527 157760
528 156555
529 157368
530 157752
531 160256
532 163594
533 168222
534 171497
535 178425
536 183352
537 190742
538 196882
539 204034
540 204400
541 206382
542 206028
543 202842
544 200634
545 198014
546 193842
547 186876
548 177160
549 173400
550 167280
551 165425
552 163520
553 164542
554 162740
555 163688
556 166950
557 171190
558 174525
559 180900
560 183032
561 186024
562 187824
563 192766
564 195392
565 201210
566 204835
567 207192
568 206272
569 207320
570 206255
571 206340
572 202720
573 202912
574 194910
575 188280
576 179568
577 176943
578 169004
579 168336
580 164328
581 163150
582 161414
583 164268
584 165186
585 168078
586 168156
587 172920
588 174699
589 177952
590 179850
591 184800
592 187488
593 193672
594 198137
595 204125
596 203118
597 205216
598 205568
599 205056
600 203194
601 200928
602 197813
603 190774
604 180960
605 177160
606 170980
607 169106
608 166860
609 167564
610 165440
611 166599
612 169050
613 171190
614 174525
615 180900
616 183032
617 186024
618 187824
619 192766
620 195392
621 201210
622 204835
623 207192
624 206272
625 207320
626 206255
627 206340
628 202720
629 202912
630 194910
631 188280
632 179568
633 176943
634 169004
635 168336
636 164328
637 163150
638 161414
639 164268
640 165186
641 168078
642 168156
643 172920
644 174699
645 177952
646 179850
647 184800
648 187488
649 193672
650 198137
651 204125
652 203118
653 205216
654 205568
655 205056
656 203194
657 200928
658 197813
659 190774
660 180960
661 177160
662 170980
663 169106
664 166860
665 167564
666 165440
667 166599
668 169050
669 171190
670 174525
671 180900
672 183032
673 186024
674 187824
675 192766
676 195392
677 201210
678 204835
679 207192
680 206272
681 207320
682 206255
683 206340
684 202720
685 202912
686 194910
687 188280
688 179568
689 176943
690 169004
691 168336
692 164328
693 163150
694 161414
695 164268
696 165186
697 168078
698 168156
699 172920
700 174699
701 177952
702 179850
703 184800
704 187488
705 193672
706 198137
707 204125
708 203118
709 205216
710 205568
711 205056
712 203194
713 200928
714 197813
715 190774
716 180960
717 177160
718 170980
719 169106
720 166860
721 167564
722 165440
723 166599
724 169050
725 171190
726 174525
727 180900
728 183032
729 186024
730 187824
731 192766
732 195392
733 201210
734 204835
735 207192
736 206272
737 207320
738 206255
739 206340
740 202720
741 202912
742 194910
743 188280
744 179568
745 176943
746 169004
747 168336
748 164328
749 163150
750 161414
751 164268
752 165186
753 168078
754 168156
755 172920
756 174699
757 177952
758 179850
759 184800
760 187488
761 193672
762 198137
763 204125
764 203118
765 205216
766 205568
767 205056
768 203194
769 200928
770 197813
771 190774
772 180960
773 177160
774 170980
775 169106
776 166860
777 167564
778 165440
779 166599
780 169050
781 171190
782 174525
783 180900
784 183032
785 186024
786 187824
787 192766
788 195392
789 201210
790 204835
791 207192
792 206272
793 207320
794 206255
795 206340
796 202720
797 202912
798 194910
799 188280
800 179568
801 176943
802 169004
803 168336
804 164328
805 163150
806 161414
807 164268
808 165186
809 168078
810 168156
811 172920
812 174699
813 177952
814 179850
815 184800
816 187488
817 193672
818 198137
819 204125
820 203118
821 205216
822 205568
823 205056
824 203194
825 200928
826 197813
827 190774
828 180960
829 177160
830 170980
831 169106
832 166860
833 167564
834 165440
835 166599
836 169050
837 171190
838 174525
839 180900
840 183032
841 186024
842 187824
843 192766
844 195392
845 201210
846 204835
847 207192
848 206272
849 207320
850 206255
851 206340
852 202720
853 202912
854 194910
855 188280
856 179568
857 176943
858 169004
859 168336
860 164328
861 163150
862 161414
863 164268
864 165186
865 168078
866 168156
867 172920
868 174699
869 177952
870 179850
871 184800
872 187488
873 193672
874 198137
875 204125
876 203118
877 205216
878 205568
879 205056
880 203194
881 200928
882 197813
883 190774
884 180960
885 177160
886 170980
887 169106
888 166860
889 167564
890 165440
891 166599
892 169050
893 171190
894 174525
895 180900
896 183032
897 186024
898 187824
899 192766
900 195392
901 201210
902 204835
903 207192
904 206272
905 207320
906 206255
907 206340
908 202720
909 202912
910 194910
911 188280
912 179568
913 176943
914 169004
915 168336
916 164328
917 163150
918 161414
919 164268
920 165186
921 168078
922 168156
923 172920
924 174699
925 177952
926 179850
927 184800
928 187488
929 193672
930 198137
931 204125
932 203118
933 205216
934 205568
935 205056
936 203194
937 200928
938 197813
939 190774
940 180960
941 177160
942 170980
943 169106
944 166860
945 167564
946 165440
947 166599
948 169050
949 171190
950 174525
951 180900
952 183032
953 186024
954 187824
955 192766
956 195392
957 201210
958 204835
959 207192
960 206272
961 207320
962 206255
963 206340
964 202720
965 202912
966 194910
967 188280
968 179568
969 176943
970 169004
971 168336
972 164328
973 163150
974 161414
975 164268
976 165186
977 168078
978 168156
979 172920
980 174699
981 177952
982 179850
983 184800
984 187488
985 193672
986 198137
987 204125
988 203118
989 205216
990 205568
991 205056
992 203194
993 200928
994 197813
995 190774
996 180960
997 177160
998 170980
999 169106
1000 166860
1001 167564
1002 165440
1003 166599
1004 169050
1005 171190
1006 174525
1007 180900
1008 183032
1009 186024
1010 187824
1011 192766
1012 195392
1013 201210
1014 204835
1015 207192
1016 206272
1017 207320
1018 206255
1019 206340
1020 202720
1021 202912
1022 194910
1023 188280
1024 179568
1025 176943
1026 169004
1027 168336
1028 164328
1029 163150
1030 161414
1031 164268
1032 165186
1033 168078
1034 168156
1035 172920
1036 174699
1037 177952
1038 179850
1039 184800
1040 187488
1041 193672
1042 198137
1043 204125
1044 203118
1045 205216
1046 205568
1047 205056
1048 203194
1049 200928
1050 197813
1051 190774
1052 180960
1053 177160
1054 170980
1055 169106
1056 166860
1057 167564
1058 165440
1059 166599
1060 169050
1061 171190
1062 174525
1063 180900
1064 183032
1065 186024
1066 187824
1067 192766
1068 195392
1069 201210
1070 204835
1071 207192
1072 206272
1073 207320
1074 206255
1075 206340
1076 202720
1077 202912
1078 194910
1079 188280
1080 179568
1081 176943
1082 169004
1083 168336
1084 164328
1085 163150
1086 161414
1087 164268
1088 165186
1089 168078
1090 168156
1091 172920
1092 174699
1093 177952
1094 179850
1095 184800
1096 187488
1097 193672
1098 198137
1099 204125
1100 203118
1101 205216
1102 205568
1103 205056
1104 203194
1105 200928
1106 197813
1107 190774
1108 180960
1109 177160
1110 170980
1111 169106
1112 166860
1113 167564
1114 165440
1115 166599
1116 169050
1117 171190
1118 174525
1119 180900
1120 183032
1121 186024
1122 187824
1123 192766
1124 195392
1125 201210
1126 204835
1127 207192
1128 206272
1129 207320
1130 206255
1131 206340
1132 202720
1133 202912
1134 194910
1135 188280
1136 179568
1137 176943
1138 169004
1139 168336
1140 164328
1141 163150
1142 161414
1143 164268
1144 165186
1145 168078
1146 168156
1147 172920
1148 174699
1149 177952
1150 179850
1151 184800
1152 187488
1153 193672
1154 198137
1155 204125
1156 203118
1157 205216
1158 205568
1159 205056
1160 203194
1161 200928
1162 197813
1163 190774
1164 180960
1165 177160
1166 170980
1167 169106
1168 166860
1169 167564
1170 165440
1171 166599
1172 169050
1173 171190
1174 174525
1175 180900
1176 183032
1177 186024
1178 187824
1179 192766
1180 195392
1181 201210
1182 204835
1183 207192
1184 206272
1185 207320
1186 206255
1187 206340
1188 202720
1189 202912
1190 194910
1191 188280
1192 179568
1193 176943
1194 169004
1195 168336
1196 164328
1197 163150
1198 161414
1199 164268
1200 165186
1201 168078
1202 168156
1203 172920
1204 174699
1205 177952
1206 179850
1207 184800
1208 187488
1209 193672
1210 198137
1211 204125
1212 203118
1213 205216
1214 205568
1215 205056
1216 203194
1217 200928
1218 197813
1219 190774
1220 180960
1221 177160
1222 170980
1223 169106
1224 166860
1225 167564
1226 165440
1227 166599
1228 169050
1229 171190
1230 174525
1231 180900
1232 183032
1233 186024
1234 187824
1235 192766
1236 195392
1237 201210
1238 204835
1239 207192
1240 206272
1241 207320
1242 206255
1243 206340
1244 202720
1245 202912
1246 194910
1247 188280
1248 179568
1249 176943
1250 169004
1251 168336
1252 164328
1253 163150
1254 161414
1255 164268
1256 165186
1257 168078
1258 168156
1259 172920
1260 174699
1261 177952
1262 179850
1263 184800
1264 187488
1265 193672
1266 198137
1267 204125
1268 203118
1269 205216
1270 205568
1271 205056
1272 203194
1273 200928
1274 197813
1275 190774
1276 180960
1277 177160
1278 170980
1279 169106
1280 166860
1281 167564
1282 165440
1283 166599
1284 169050
1285 171190
1286 174525
1287 180900
1288 183032
1289 186024
1290 187824
1291 192766
1292 195392
1293 201210
1294 204835
1295 207192
1296 206272
1297 207320
1298 206255
1299 206340
1300 202720
1301 202912
1302 194910
1303 188280
1304 179568
1305 176943
1306 169004
1307 168336
1308 164328
1309 163150
1310 161414
1311 164268
1312 165186
1313 168078
1314 168156
1315 172920
1316 174699
1317 177952
1318 179850
1319 184800
1320 187488
1321 193672
1322 198137
1323 204125
1324 203118
1325 205216
1326 205568
1327 205056
1328 203194
1329 200928
1330 197813
1331 190774
1332 180960
1333 177160
1334 170980
1335 169106
1336 166860
1337 167564
1338 165440
1339 166599
1340 169050
1341 171190
1342 174525
1343 180900
1344 183032
1345 186024
1346 187824
1347 192766
1348 195392
1349 201210
1350 204835
1351 207192
1352 206272
1353 207320
1354 206255
1355 206340
1356 202720
1357 202912
1358 194910
1359 188280
1360 179568
1361 176943
1362 169004
1363 168336
1364 164328
1365 163150
1366 161414
1367 164268
1368 165186
1369 168078
1370 168156
1371 172920
1372 174699
1373 177952
1374 179850
1375 184800
1376 187488
1377 193672
1378 198137
1379 204125
1380 203118
1381 205216
1382 205568
1383 205056
1384 203194
1385 200928
1386 197813
1387 190774
1388 180960
1389 177160
1390 170980
1391 169106
1392 166860
1393 167564
1394 165440
1395 166599
1396 169050
1397 171190
1398 174525
1399 180900
1400 183032
1401 186024
1402 187824
1403 192766
1404 195392
1405 201210
1406 204835
1407 207192
1408 206272
1409 207320
1410 206255
1411 206340
1412 202720
1413 202912
1414 194910
1415 188280
1416 179568
1417 176943
1418 169004
1419 168336
1420 164328
1421 163150
1422 161414
1423 164268
1424 165186
1425 168078
1426 168156
1427 172920
1428 174699
1429 177952
1430 179850
1431 184800
1432 187488
1433 193672
1434 198137
1435 204125
1436 203118
1437 205216
1438 205568
1439 205056
1440 203194
1441 200928
1442 197813
1443 190774
1444 180960
1445 177160
1446 170980
1447 169106
1448 166860
1449 167564
1450 165440
1451 166599
1452 169050
1453 171190
1454 174525
1455 180900
1456 183032
1457 186024
1458 187824
1459 192766
1460 195392
1461 201210
1462 204835
1463 207192
1464 206272
1465 207320
1466 206255
1467 206340
1468 202720
1469 202912
1470 194910
1471 188280
1472 179568
1473 176943
1474 169004
1475 168336
1476 164328
1477 163150
1478 161414
1479 164268
1480 165186
1481 168078
1482 168156
1483 172920
1484 174699
1485 177952
1486 179850
1487 184800
1488 187488
1489 193672
1490 198137
1491 204125
1492 203118
1493 205216
1494 205568
1495 205056
1496 203194
1497 200928
1498 197813
1499 190774
1500 180960
1501 177160
1502 170980
1503 169106
1504 166860
1505 167564
1506 165440
1507 166599
1508 169050
1509 171190
1510 174525
1511 180900
1512 183032
1513 186024
1514 187824
1515 192766
1516 195392
1517 201210
1518 204835
1519 207192
1520 206272
1521 207320
1522 206255
1523 206340
1524 202720
1525 202912
1526 194910
1527 188280
1528 179568
1529 176943
1530 169004
1531 168336
1532 164328
1533 163150
1534 161414
1535 164268
1536 165186
1537 168078
1538 168156
1539 172920
1540 174699
1541 177952
1542 179850
1543 184800
1544 187488
1545 193672
1546 198137
1547 204125
1548 203118
1549 205216
1550 205568
1551 205056
1552 203194
1553 200928
1554 197813
1555 190774
1556 180960
1557 177160
1558 170980
1559 169106
1560 166860
1561 167564
1562 165440
1563 166599
1564 169050
1565 171190
1566 174525
1567 180900
1568 183032
1569 186024
1570 187824
1571 192766
1572 195392
1573 201210
1574 204835
1575 207192
1576 206272
1577 207320
1578 206255
1579 206340
1580 202720
1581 202912
1582 194910
1583 188280
1584 179568
1585 176943
1586 169004
1587 168336
1588 164328
1589 163150
1590 161414
1591 164268
1592 165186
1593 168078
1594 168156
1595 172920
1596 174699
1597 177952
1598 179850
1599 184800
1600 187488
1601 193672
1602 198137
1603 204125
1604 203118
1605 205216
1606 205568
1607 205056
1608 203194
1609 200928
1610 197813
1611 190774
1612 180960
1613 177160
1614 170980
1615 169106
1616 166860
1617 167564
1618 165440
1619 166599
1620 169050
1621 171190
1622 174525
1623 180900
1624 183032
1625 186024
1626 187824
1627 192766
1628 195392
1629 201210
1630 204835
1631 207192
1632 206272
1633 207320
1634 206255
1635 206340
1636 202720
1637 202912
1638 194910
1639 188280
1640 179568
1641 176943
1642 169004
1643 168336
1644 164328
1645 163150
1646 161414
1647 164268
1648 165186
1649 168078
1650 168156
1651 172920
1652 174699
1653 177952
1654 179850
1655 184800
1656 187488
1657 193672
1658 198137
1659 204125
1660 203118
1661 205216
1662 205568
1663 205056
1664 203194
1665 200928
1666 197813
1667 190774
1668 180960
1669 177160
1670 170980
1671 169106
1672 166860
1673 167564
1674 165440
1675 166599
1676 169050
1677 171190
1678 174525
1679 180900
1680 183032
1681 186024
1682 187824
1683 192766
1684 195392
1685 201210
1686 204835
1687 207192
1688 206272
1689 207320
1690 206255
1691 206340
1692 202720
1693 202912
1694 194910
1695 188280
1696 179568
1697 176943
1698 169004
1699 168336
1700 164328
1701 163150
1702 161414
1703 164268
1704 165186
1705 168078
1706 168156
1707 172920
1708 174699
1709 177952
1710 179850
1711 184800
1712 187488
1713 193672
1714 198137
1715 204125
1716 203118
1717 205216
1718 205568
1719 205056
1720 203194
1721 200928
1722 197813
1723 190774
1724 180960
1725 177160
1726 170980
1727 169106
1728 166860
1729 167564
1730 165440
1731 166599
1732 169050
1733 171190
1734 174525
1735 180900
1736 183032
1737 186024
1738 187824
1739 192766
1740 195392
1741 201210
1742 204835
1743 207192
1744 206272
1745 207320
1746 206255
1747 206340
1748 202720
1749 202912
1750 194910
1751 188280
1752 179568
1753 176943
1754 169004
1755 168336
1756 164328
1757 163150
1758 161414
1759 164268
1760 165186
1761 168078
1762 168156
1763 172920
1764 174699
1765 177952
1766 179850
1767 184800
1768 187488
1769 193672
1770 198137
1771 204125
1772 203118
1773 205216
1774 205568
1775 205056
1776 203194
1777 200928
1778 197813
1779 190774
1780 180960
1781 177160
1782 170980
1783 169106
1784 166860
1785 167564
1786 165440
1787 166599
1788 169050
1789 171190
1790 174525
1791 180900
1792 183032
1793 186024
1794 187824
1795 192766
1796 195392
1797 201210
1798 204835
1799 207192
1800 206272
1801 207320
1802 206255
1803 206340
1804 202720
1805 202912
1806 194910
1807 188280
1808 179568
1809 176943
1810 169004
1811 168336
1812 164328
1813 163150
1814 161414
1815 164268
1816 165186
1817 168078
1818 168156
1819 172920
1820 174699
1821 177952
1822 179850
1823 184800
1824 187488
1825 193672
1826 198137
1827 204125
1828 203118
1829 205216
1830 205568
1831 205056
1832 203194
1833 200928
1834 197813
1835 190774
1836 180960
1837 177160
1838 170980
1839 169106
1840 166860
1841 167564
1842 165440
1843 166599
1844 169050
1845 171190
1846 174525
1847 180900
1848 183032
1849 186024
1850 187824
1851 192766
1852 195392
1853 201210
1854 204835
1855 207192
1856 206272
1857 207320
1858 206255
1859 206340
1860 202720
1861 202912
1862 194910
1863 188280
1864 179568
1865 176943
1866 169004
1867 168336
1868 164328
1869 163150
1870 161414
1871 164268
1872 165186
1873 168078
1874 168156
1875 172920
1876 174699
1877 177952
1878 179850
1879 184800
1880 187488
1881 193672
1882 198137
1883 204125
1884 203118
1885 205216
1886 205568
1887 205056
1888 203194
1889 200928
1890 197813
1891 190774
1892 180960
1893 177160
1894 170980
1895 169106
1896 166860
1897 167564
1898 165440
1899 166599
1900 169050
1901 171190
1902 174525
1903 180900
1904 183032
1905 186024
1906 187824
1907 192766
1908 195392
1909 201210
1910 204835
1911 207192
1912 206272
1913 207320
1914 206255
1915 206340
1916 202720
1917 202912
1918 194910
1919 188280
1920 179568
1921 176943
1922 169004
1923 168336
1924 164328
1925 163150
1926 161414
1927 164268
1928 165186
1929 168078
1930 168156
1931 172920
1932 174699
1933 177952
1934 179850
1935 184800
1936 187488
1937 193672
1938 198137
1939 204125
1940 203118
1941 205216
1942 205568
1943 205056
1944 203194
1945 200928
1946 197813
1947 190774
1948 180960
1949 177160
1950 170980
1951 169106
1952 166860
1953 167564
1954 165440
1955 166599
1956 169050
1957 171190
1958 174525
1959 180900
1960 183032
1961 186024
1962 187824
1963 192766
1964 195392
1965 201210
1966 204835
1967 207192
1968 206272
1969 207320
1970 206255
1971 206340
1972 202720
1973 202912
1974 194910
1975 188280
1976 179568
1977 176943
1978 169004
1979 168336
1980 164328
1981 163150
1982 161414
1983 164268
1984 165186
1985 168078
1986 168156
1987 172920
1988 174699
1989 177952
1990 179850
1991 184800
1992 187488
1993 193672
1994 198137
1995 204125
1996 203118
1997 205216
1998 205568
1999 205056
2000 203194
2001 200928
2002 197813
2003 190774
2004 180960
2005 177160
2006 170980
2007 169106
2008 166860
2009 167564
2010 165440
2011 166599
2012 169050
2013 171190
2014 174525
2015 180900
2016 183032
2017 186024
2018 187824
2019 192766
2020 195392
2021 201210
2022 204835
2023 207192
2024 206272
2025 207320
2026 206255
2027 206340
2028 202720
2029 202912
2030 194910
2031 188280
2032 179568
2033 176943
2034 169004
2035 168336
2036 164328
2037 163150
2038 161414
2039 164268
2040 165186
2041 168078
2042 168156
2043 172920
2044 174699
2045 177952
2046 179850
2047 184800
2048 187488
2049 193672
2050 198137
2051 204125
2052 203118
2053 205216
2054 205568
2055 205056
2056 203194
2057 200928
2058 197813
2059 190774
2060 180960
2061 177160
2062 170980
2063 169106
2064 166860
2065 167564
2066 165440
2067 166599
2068 169050
2069 171190
2070 174525
2071 180900
2072 183032
2073 186024
2074 187824
2075 192766
2076 195392
2077 201210
2078 204835
2079 207192
2080 206272
2081 207320
2082 206255
2083 206340
2084 202720
2085 202912
2086 194910
2087 188280
2088 179568
2089 176943
2090 169004
2091 168336
2092 164328
2093 163150
2094 161414
2095 164268
2096 165186
2097 168078
2098 168156
2099 172920
2100 174699
2101 177952
2102 179850
2103 184800
2104 187488
2105 193672
2106 198137
2107 204125
2108 203118
2109 205216
2110 205568
2111 205056
2112 203194
2113 200928
2114 197813
2115 190774
2116 180960
2117 177160
2118 170980
2119 169106
2120 166860
2121 167564
2122 165440
2123 166599
2124 169050
2125 171190
2126 174525
2127 180900
2128 183032
2129 186024
2130 187824
2131 192766
2132 195392
2133 201210
2134 204835
2135 207192
2136 206272
2137 207320
2138 206255
2139 206340
2140 202720
2141 202912
2142 194910
2143 188280
2144 179568
2145 176943
2146 169004
2147 168336
2148 164328
2149 163150
2150 161414
2151 164268
2152 165186
2153 168078
2154 168156
2155 172920
2156 174699
2157 177952
2158 179850
2159 184800
2160 187488
2161 193672
2162 198137
2163 204125
2164 203118
2165 205216
2166 205568
2167 205056
2168 203194
2169 200928
2170 197813
2171 190774
2172 180960
2173 177160
2174 170980
2175 169106
2176 166860
2177 167564
2178 165440
2179 166599
2180 169050
2181 171190
2182 174525
2183 180900
2184 183032
2185 186024
2186 187824
2187 192766
2188 195392
2189 201210
2190 204835
2191 207192
2192 206272
2193 207320
2194 206255
2195 206340
2196 202720
2197 202912
2198 194910
2199 188280
2200 179568
2201 176943
2202 169004
2203 168336
2204 164328
2205 163150
2206 161414
2207 164268
2208 165186
2209 168078
2210 168156
2211 172920
2212 174699
2213 177952
2214 179850
2215 184800
2216 187488
2217 193672
2218 198137
2219 204125
2220 203118
2221 205216
2222 205568
2223 205056
2224 203194
2225 200928
2226 197813
2227 190774
2228 180960
2229 177160
2230 170980
2231 169106
2232 166860
2233 167564
2234 165440
2235 166599
2236 169050
2237 171190
2238 174525
2239 180900
2240 183032
2241 186024
2242 187824
2243 192766
2244 195392
2245 201210
2246 204835
2247 207192
2248 206272
2249 207320
2250 206255
2251 206340
2252 202720
2253 202912
2254 194910
2255 188280
2256 179568
2257 176943
2258 169004
2259 168336
2260 164328
2261 163150
2262 161414
2263 164268
2264 165186
2265 168078
2266 168156
2267 172920
2268 174699
2269 177952
2270 179850
2271 184800
2272 187488
2273 193672
2274 198137
2275 204125
2276 203118
2277 205216
2278 205568
2279 205056
2280 203194
2281 200928
2282 197813
2283 190774
2284 180960
2285 177160
2286 170980
2287 169106
2288 166860
2289 167564
2290 165440
2291 166599
2292 169050
2293 171190
2294 174525
2295 180900
2296 183032
2297 186024
2298 187824
2299 192766
2300 195392
2301 201210
2302 204835
2303 207192
2304 206272
2305 207320
2306 206255
2307 206340
2308 202720
2309 202912
2310 194910
2311 188280
2312 179568
2313 176943
2314 169004
2315 168336
2316 164328
2317 163150
2318 161414
2319 164268
2320 165186
2321 168078
2322 168156
2323 172920
2324 174699
2325 177952
2326 179850
2327 184800
2328 187488
2329 193672
2330 198137
2331 204125
2332 203118
2333 205216
2334 205568
2335 205056
2336 203194
2337 200928
2338 197813
2339 190774
2340 180960
2341 177160
2342 170980
2343 169106
2344 166860
2345 167564
2346 165440
2347 166599
2348 169050
2349 171190
2350 174525
2351 180900
2352 183032
2353 186024
2354 187824
2355 192766
2356 195392
2357 201210
2358 204835
2359 207192
2360 206272
2361 207320
2362 206255
2363 206340
2364 202720
2365 202912
2366 194910
2367 188280
2368 179568
2369 176943
2370 169004
2371 168336
2372 164328
2373 163150
2374 161414
2375 164268
2376 165186
2377 168078
2378 168156
2379 172920
2380 174699
2381 177952
2382 179850
2383 184800
2384 187488
2385 193672
2386 198137
2387 204125
2388 203118
2389 205216
2390 205568
2391 205056
2392 203194
2393 200928
2394 197813
2395 190774
2396 180960
2397 177160
2398 170980
2399 169106
2400 166860
2401 167564
2402 165440
2403 166599
2404 169050
2405 171190
2406 174525
2407 180900
2408 183032
2409 186024
2410 187824
2411 192766
2412 195392
2413 201210
2414 204835
2415 207192
2416 206272
2417 207320
2418 206255
2419 206340
2420 202720
2421 202912
2422 194910
2423 188280
2424 179568
2425 176943
2426 169004
2427 168336
2428 164328
2429 163150
2430 161414
2431 164268
2432 165186
2433 168078
2434 168156
2435 172920
2436 174699
2437 177952
2438 179850
2439 184800
2440 187488
2441 193672
2442 198137
2443 204125
2444 203118
2445 205216
2446 205568
2447 205056
2448 203194
2449 200928
2450 197813
2451 190774
2452 180960
2453 177160
2454 170980
2455 169106
2456 166860
2457 167564
2458 165440
2459 166599
2460 169050
2461 171190
2462 174525
2463 180900
2464 183032
2465 186024
2466 187824
2467 192766
2468 195392
2469 201210
2470 204835
2471 207192
2472 206272
2473 207320
2474 206255
2475 206340
2476 202720
2477 202912
2478 194910
2479 188280
2480 179568
2481 176943
2482 169004
2483 168336
2484 164328
2485 163150
2486 161414
2487 164268
2488 165186
2489 168078
2490 168156
2491 172920
2492 174699
2493 177952
2494 179850
2495 184800
2496 187488
2497 193672
2498 198137
2499 204125
2500 203118
2501 205216
2502 205568
2503 205056
2504 203194
2505 200928
2506 197813
2507 190774
2508 180960
2509 177160
2510 170980
2511 169106
2512 166860
2513 167564
2514 165440
2515 166599
2516 169050
2517 171190
2518 174525
2519 180900
2520 183032
2521 186024
2522 187824
2523 192766
2524 195392
2525 201210
2526 204835
2527 207192
2528 206272
2529 207320
2530 206255
2531 206340
2532 202720
2533 202912
2534 194910
2535 188280
2536 179568
2537 176943
2538 169004
2539 168336
2540 164328
2541 163150
2542 161414
2543 164268
2544 165186
2545 168078
2546 168156
2547 172920
2548 174699
2549 177952
2550 179850
2551 184800
2552 187488
2553 193672
2554 198137
2555 204125
2556 203118
2557 205216
2558 205568
2559 205056
2560 203194
2561 200928
2562 197813
2563 190774
2564 180960
2565 177160
2566 170980
2567 169106
2568 166860
2569 167564
2570 165440
2571 166599
2572 169050
2573 171190
2574 174525
2575 180900
2576 183032
2577 186024
2578 187824
2579 192766
2580 195392
2581 201210
2582 204835
2583 207192
2584 206272
2585 207320
2586 206255
2587 206340
2588 202720
2589 202912
2590 194910
2591 188280
2592 179568
2593 176943
2594 169004
2595 168336
2596 164328
2597 163150
2598 161414
2599 164268
2600 165186
2601 168078
2602 168156
2603 172920
2604 174699
2605 177952
2606 179850
2607 184800
2608 187488
2609 193672
2610 198137
2611 204125
2612 203118
2613 205216
2614 205568
2615 205056
2616 203194
2617 200928
2618 197813
2619 190774
2620 180960
2621 177160
2622 170980
2623 169106
2624 166860
2625 167564
2626 165440
2627 166599
2628 169050
2629 171190
2630 174525
2631 180900
2632 183032
2633 186024
2634 187824
2635 192766
2636 195392
2637 201210
2638 204835
2639 207192
2640 206272
2641 207320
2642 206255
2643 206340
2644 202720
2645 202912
2646 194910
2647 188280
2648 179568
2649 176943
2650 169004
2651 168336
2652 164328
2653 163150
2654 161414
2655 164268
2656 165186
2657 168078
2658 168156
2659 172920
2660 174699
2661 177952
2662 179850
2663 184800
2664 187488
2665 193672
2666 198137
2667 204125
2668 203118
2669 205216
2670 205568
2671 205056
2672 203194
2673 200928
2674 197813
2675 190774
2676 180960
2677 177160
2678 170980
2679 169106
2680 166860
2681 167564
2682 165440
2683 166599
2684 169050
2685 171190
2686 174525
2687 180900
2688 183032
2689 186024
2690 187824
2691 192766
2692 195392
2693 201210
2694 204835
2695 207192
2696 206272
2697 207320
2698 206255
2699 206340
2700 202720
2701 202912
2702 194910
2703 188280
2704 179568
2705 176943
2706 169004
2707 168336
2708 164328
2709 163150
2710 161414
2711 164268
2712 165186
2713 168078
2714 168156
2715 172920
2716 174699
2717 177952
2718 179850
2719 184800
2720 187488
2721 193672
2722 198137
2723 204125
2724 203118
2725 205216
2726 205568
2727 205056
2728 203194
2729 200928
2730 197813
2731 190774
2732 180960
2733 177160
2734 170980
2735 169106
2736 166860
2737 167564
2738 165440
2739 166599
2740 169050
2741 171190
2742 174525
2743 180900
2744 183032
2745 186024
2746 187824
2747 192766
2748 195392
2749 201210
2750 204835
2751 207192
2752 206272
2753 207320
2754 206255
2755 206340
2756 202720
2757 202912
2758 194910
2759 188280
2760 179568
2761 176943
2762 169004
2763 168336
2764 164328
2765 163150
2766 161414
2767 164268
2768 165186
2769 168078
2770 168156
2771 172920
2772 174699
2773 177952
2774 179850
2775 184800
2776 187488
2777 193672
2778 198137
2779 204125
2780 203118
2781 205216
2782 205568
2783 205056
2784 203194
2785 200928
2786 197813
2787 190774
2788 180960
2789 177160
2790 170980
2791 169106
2792 166860
2793 167564
2794 165440
2795 166599
2796 169050
2797 171190
2798 174525
2799 180900
2800 183032
2801 186024
2802 187824
2803 192766
2804 195392
2805 201210
2806 204835
2807 207192
2808 206272
2809 207320
2810 206255
2811 206340
2812 202720
2813 202912
2814 194910
2815 188280
2816 179568
2817 176943
2818 169004
2819 168336
2820 164328
2821 163150
2822 161414
2823 164268
2824 165186
2825 168078
2826 168156
2827 172920
2828 174699
2829 177952
2830 179850
2831 184800
2832 187488
2833 193672
2834 198137
2835 204125
2836 203118
2837 205216
2838 205568
2839 205056
2840 203194
2841 200928
2842 197813
2843 190774
2844 180960
2845 177160
2846 170980
2847 169106
2848 166860
2849 167564
2850 165440
2851 166599
2852 169050
2853 171190
2854 174525
2855 180900
2856 183032
2857 186024
2858 187824
2859 192766
2860 195392
2861 201210
2862 204835
2863 207192
2864 206272
2865 207320
2866 206255
2867 206340
2868 202720
2869 202912
2870 194910
2871 188280
2872 179568
2873 176943
2874 169004
2875 168336
2876 164328
2877 163150
2878 161414
2879 164268
2880 165186
2881 168078
2882 168156
2883 172920
2884 174699
2885 177952
2886 179850
2887 184800
2888 187488
2889 193672
2890 198137
2891 204125
2892 203118
2893 205216
2894 205568
2895 205056
2896 203194
2897 200928
2898 197813
2899 190774
2900 180960
2901 177160
2902 170980
2903 169106
2904 166860
2905 167564
2906 165440
2907 166599
2908 169050
2909 171190
2910 174525
2911 180900
2912 183032
2913 186024
2914 187824
2915 192766
2916 195392
2917 201210
2918 204835
2919 207192
2920 206272
2921 207320
2922 206255
2923 206340
2924 202720
2925 202912
2926 194910
2927 188280
2928 179568
2929 176943
2930 169004
2931 168336
2932 164328
2933 163150
2934 161414
2935 164268
2936 165186
2937 168078
2938 168156
2939 172920
2940 174699
2941 177952
2942 179850
2943 184800
2944 187488
2945 193672
2946 198137
2947 204125
2948 203118
2949 205216
2950 205568
2951 205056
2952 203194
2953 200928
2954 197813
2955 190774
2956 180960
2957 177160
2958 170980
2959 169106
2960 166860
2961 167564
2962 165440
2963 166599
2964 169050
2965 171190
2966 174525
2967 180900
2968 183032
2969 186024
2970 187824
2971 192766
2972 195392
2973 201210
2974 204835
2975 207192
2976 206272
2977 207320
2978 206255
2979 206340
2980 202720
2981 202912
2982 194910
2983 188280
2984 179568
2985 176943
2986 169004
2987 168336
2988 164328
2989 163150
2990 161414
2991 164268
2992 165186
2993 168078
2994 168156
2995 172920
2996 174699
2997 177952
2998 179850
2999 184800
3000 187488
3001 193672
3002 198137
3003 204125
3004 203118
3005 205216
3006 205568
3007 205056
3008 203194
3009 200928
3010 197813
3011 190774
3012 180960
3013 177160
3014 170980
3015 169106
3016 166860
3017 167564
3018 165440
3019 166599
3020 169050
3021 171190
3022 174525
3023 180900
3024 183032
3025 186024
3026 187824
3027 192766
3028 195392
3029 201210
3030 204835
3031 207192
3032 206272
3033 207320
3034 206255
3035 206340
3036 202720
3037 202912
3038 194910
3039 188280
3040 179568
3041 176943
3042 169004
3043 168336
3044 164328
3045 163150
3046 161414
3047 164268
3048 165186
3049 168078
3050 168156
3051 172920
3052 174699
3053 177952
3054 179850
3055 184800
3056 187488
3057 193672
3058 198137
3059 204125
3060 203118
3061 205216
3062 205568
3063 205056
3064 203194
3065 200928
3066 197813
3067 190774
3068 180960
3069 177160
3070 170980
3071 169106
3072 166860
3073 167564
3074 165440
3075 166599
3076 169050
3077 171190
3078 174525
3079 180900
3080 183032
3081 186024
3082 187824
3083 192766
3084 195392
3085 201210
3086 204835
3087 207192
3088 206272
3089 207320
3090 206255
3091 206340
3092 202720
3093 202912
3094 194910
3095 188280
3096 179568
3097 176943
3098 169004
3099 168336
3100 164328
3101 163150
3102 161414
3103 164268
3104 165186
3105 168078
3106 168156
3107 172920
3108 174699
3109 177952
3110 179850
3111 184800
3112 187488
3113 193672
3114 198137
3115 204125
3116 203118
3117 205216
3118 205568
3119 205056
3120 203194
3121 200928
3122 197813
3123 190774
3124 180960
3125 177160
3126 170980
3127 169106
3128 166860
3129 167564
3130 165440
3131 166599
3132 169050
3133 171190
3134 174525
3135 180900
3136 183032
3137 186024
3138 187824
3139 192766
3140 195392
3141 201210
3142 204835
3143 207192
3144 206272
3145 207320
3146 206255
3147 206340
3148 202720
3149 202912
3150 194910
3151 188280
3152 179568
3153 176943
3154 169004
3155 168336
3156 164328
3157 163150
3158 161414
3159 164268
3160 165186
3161 168078
3162 168156
3163 172920
3164 174699
3165 177952
3166 179850
3167 184800
3168 187488
3169 193672
3170 198137
3171 204125
3172 203118
3173 205216
3174 205568
3175 205056
3176 203194
3177 200928
3178 197813
3179 190774
3180 180960
3181 177160
3182 170980
3183 169106
3184 166860
3185 167564
3186 165440
3187 166599
3188 169050
3189 171190
3190 174525
3191 180900
3192 183032
3193 186024
3194 187824
3195 192766
3196 195392
3197 201210
3198 204835
3199 207192
3200 206272
3201 207320
3202 206255
3203 206340
3204 202720
3205 202912
3206 194910
3207 188280
3208 179568
3209 176943
3210 169004
3211 168336
3212 164328
3213 163150
3214 161414
3215 164268
3216 165186
3217 168078
3218 168156
3219 172920
3220 174699
3221 177952
3222 179850
3223 184800
3224 187488
3225 193672
3226 198137
3227 204125
3228 203118
3229 205216
3230 205568
3231 205056
3232 203194
3233 200928
3234 197813
3235 190774
3236 180960
3237 177160
3238 170980
3239 169106
3240 166860
3241 167564
3242 165440
3243 166599
3244 169050
3245 171190
3246 174525
3247 180900
3248 183032
3249 186024
3250 187824
3251 192766
3252 195392
3253 201210
3254 204835
3255 207192
3256 206272
3257 207320
3258 206255
3259 206340
3260 202720
3261 202912
3262 194910
3263 188280
3264 179568
3265 176943
3266 169004
3267 168336
3268 164328
3269 163150
3270 161414
3271 164268
3272 165186
3273 168078
3274 168156
3275 172920
3276 174699
3277 177952
3278 179850
3279 184800
3280 187488
3281 193672
3282 198137
3283 204125
3284 203118
3285 205216
3286 205568
3287 205056
3288 203194
3289 200928
3290 197813
3291 190774
3292 180960
3293 177160
3294 170980
3295 169106
3296 166860
3297 167564
3298 165440
3299 166599
3300 169050
3301 171190
3302 174525
3303 180900
3304 183032
3305 186024
3306 187824
3307 192766
3308 195392
3309 201210
3310 204835
3311 207192
3312 206272
3313 207320
3314 206255
3315 206340
3316 202720
3317 202912
3318 194910
3319 188280
3320 179568
3321 176943
3322 169004
3323 168336
3324 164328
3325 163150
3326 161414
3327 164268
3328 165186
3329 168078
3330 168156
3331 172920
3332 174699
3333 177952
3334 179850
3335 184800
3336 187488
3337 193672
3338 198137
3339 204125
3340 203118
3341 205216
3342 205568
3343 205056
3344 203194
3345 200928
3346 197813
3347 190774
3348 180960
3349 177160
3350 170980
3351 169106
3352 166860
3353 167564
3354 165440
3355 166599
3356 169050
3357 171190
3358 174525
3359 180900
3360 183032
3361 186024
3362 187824
3363 192766
3364 195392
3365 201210
3366 204835
3367 207192
3368 206272
3369 207320
3370 206255
3371 206340
3372 202720
3373 202912
3374 194910
3375 188280
3376 179568
3377 176943
3378 169004
3379 168336
3380 164328
3381 163150
3382 161414
3383 164268
3384 165186
3385 168078
3386 168156
3387 172920
3388 174699
3389 177952
3390 179850
3391 184800
3392 187488
3393 193672
3394 198137
3395 204125
3396 203118
3397 205216
3398 205568
3399 205056
3400 203194
3401 200928
3402 197813
3403 190774
3404 180960
3405 177160
3406 170980
3407 169106
3408 166860
3409 167564
3410 165440
3411 166599
3412 169050
3413 171190
3414 174525
3415 180900
3416 183032
3417 186024
3418 187824
3419 192766
3420 195392
3421 201210
3422 204835
3423 207192
3424 206272
3425 207320
3426 206255
3427 206340
3428 202720
3429 202912
3430 194910
3431 188280
3432 179568
3433 176943
3434 169004
3435 168336
3436 164328
3437 163150
3438 161414
3439 164268
3440 165186
3441 168078
3442 168156
3443 172920
3444 174699
3445 177952
3446 179850
3447 184800
3448 187488
3449 193672
3450 198137
3451 204125
3452 203118
3453 205216
3454 205568
3455 205056
3456 203194
3457 200928
3458 197813
3459 190774
3460 180960
3461 177160
3462 170980
3463 169106
3464 166860
3465 167564
3466 165440
3467 166599
3468 169050
3469 171190
3470 174525
3471 180900
3472 183032
3473 186024
3474 187824
3475 192766
3476 195392
3477 201210
3478 204835
3479 207192
3480 206272
3481 207320
3482 206255
3483 206340
3484 202720
3485 202912
3486 194910
3487 188280
3488 179568
3489 176943
3490 169004
3491 168336
3492 164328
3493 163150
3494 161414
3495 164268
3496 165186
3497 168078
3498 168156
3499 172920
3500 174699
3501 177952
3502 179850
3503 184800
3504 187488
3505 193672
3506 198137
3507 204125
3508 203118
3509 205216
3510 205568
3511 205056
3512 203194
3513 200928
3514 197813
3515 190774
3516 180960
3517 177160
3518 170980
3519 169106
3520 166860
3521 167564
3522 165440
3523 166599
3524 169050
3525 171190
3526 174525
3527 180900
3528 183032
3529 186024
3530 187824
3531 192766
3532 195392
3533 201210
3534 204835
3535 207192
3536 206272
3537 207320
3538 206255
3539 206340
3540 202720
3541 202912
3542 194910
3543 188280
3544 179568
3545 176943
3546 169004
3547 168336
3548 164328
3549 163150
3550 161414
3551 164268
3552 165186
3553 168078
3554 168156
3555 172920
3556 174699
3557 177952
3558 179850
3559 184800
3560 187488
3561 193672
3562 198137
3563 204125
3564 203118
3565 205216
3566 205568
3567 205056
3568 203194
3569 200928
3570 197813
3571 190774
3572 180960
3573 177160
3574 170980
3575 169106
3576 166860
3577 167564
3578 165440
3579 166599
3580 169050
3581 171190
3582 174525
3583 180900
3584 183032
3585 186024
3586 187824
3587 192766
3588 195392
3589 201210
3590 204835
3591 207192
3592 206272
3593 207320
3594 206255
3595 206340
3596 202720
3597 202912
3598 194910
3599 188280
3600 179568
3601 176943
3602 169004
3603 168336
3604 164328
3605 163150
3606 161414
3607 164268
3608 165186
3609 168078
3610 168156
3611 172920
3612 174699
3613 177952
3614 179850
3615 184800
3616 187488
3617 193672
3618 198137
3619 204125
3620 203118
3621 205216
3622 205568
3623 205056
3624 203194
3625 200928
3626 197813
3627 190774
3628 180960
3629 177160
3630 170980
3631 169106
3632 166860
3633 167564
3634 165440
3635 166599
3636 169050
3637 171190
3638 174525
3639 180900
3640 183032
3641 186024
3642 187824
3643 192766
3644 195392
3645 201210
3646 204835
3647 207192
3648 206272
3649 207320
3650 206255
3651 206340
3652 202720
3653 202912
3654 194910
3655 188280
3656 179568
3657 176943
3658 169004
3659 168336
3660 164328
3661 163150
3662 161414
3663 164268
3664 165186
3665 168078
3666 168156
3667 172920
3668 174699
3669 177952
3670 179850
3671 184800
3672 187488
3673 193672
3674 198137
3675 204125
3676 203118
3677 205216
3678 205568
3679 205056
3680 203194
3681 200928
3682 197813
3683 190774
3684 180960
3685 177160
3686 170980
3687 169106
3688 166860
3689 167564
3690 165440
3691 166599
3692 169050
3693 171190
3694 174525
3695 180900
3696 183032
3697 186024
3698 187824
3699 192766
3700 195392
3701 201210
3702 204835
3703 207192
3704 206272
3705 207320
3706 206255
3707 206340
3708 202720
3709 202912
3710 194910
3711 188280
3712 179568
3713 176943
3714 169004
3715 168336
3716 164328
3717 163150
3718 161414
3719 164268
3720 165186
3721 168078
3722 168156
3723 172920
3724 174699
3725 177952
3726 179850
3727 184800
3728 187488
3729 193672
3730 198137
3731 204125
3732 203118
3733 205216
3734 205568
3735 205056
3736 203194
3737 200928
3738 197813
